{
 "cells": [
  {
   "cell_type": "code",
   "execution_count": 1,
   "metadata": {},
   "outputs": [
    {
     "data": {
      "text/html": [
       "<div>\n",
       "<style scoped>\n",
       "    .dataframe tbody tr th:only-of-type {\n",
       "        vertical-align: middle;\n",
       "    }\n",
       "\n",
       "    .dataframe tbody tr th {\n",
       "        vertical-align: top;\n",
       "    }\n",
       "\n",
       "    .dataframe thead th {\n",
       "        text-align: right;\n",
       "    }\n",
       "</style>\n",
       "<table border=\"1\" class=\"dataframe\">\n",
       "  <thead>\n",
       "    <tr style=\"text-align: right;\">\n",
       "      <th></th>\n",
       "      <th>symboling</th>\n",
       "      <th>normalized-losses</th>\n",
       "      <th>make</th>\n",
       "      <th>fuel-type</th>\n",
       "      <th>num-of-doors</th>\n",
       "      <th>body-style</th>\n",
       "      <th>drive-wheels</th>\n",
       "      <th>engine-location</th>\n",
       "      <th>wheel-base</th>\n",
       "      <th>length</th>\n",
       "      <th>...</th>\n",
       "      <th>compression-ratio</th>\n",
       "      <th>horsepower</th>\n",
       "      <th>peak-rpm</th>\n",
       "      <th>city-mpg</th>\n",
       "      <th>highway-mpg</th>\n",
       "      <th>price</th>\n",
       "      <th>city-L/100km</th>\n",
       "      <th>horsepower-binned</th>\n",
       "      <th>aspiration-std</th>\n",
       "      <th>aspiration-turbo</th>\n",
       "    </tr>\n",
       "  </thead>\n",
       "  <tbody>\n",
       "    <tr>\n",
       "      <td>0</td>\n",
       "      <td>3</td>\n",
       "      <td>122</td>\n",
       "      <td>alfa-romero</td>\n",
       "      <td>gas</td>\n",
       "      <td>two</td>\n",
       "      <td>convertible</td>\n",
       "      <td>rwd</td>\n",
       "      <td>front</td>\n",
       "      <td>88.6</td>\n",
       "      <td>0.811148</td>\n",
       "      <td>...</td>\n",
       "      <td>9.0</td>\n",
       "      <td>111</td>\n",
       "      <td>5000.0</td>\n",
       "      <td>21</td>\n",
       "      <td>27</td>\n",
       "      <td>13495.0</td>\n",
       "      <td>11.190476</td>\n",
       "      <td>Low</td>\n",
       "      <td>1</td>\n",
       "      <td>0</td>\n",
       "    </tr>\n",
       "    <tr>\n",
       "      <td>1</td>\n",
       "      <td>3</td>\n",
       "      <td>122</td>\n",
       "      <td>alfa-romero</td>\n",
       "      <td>gas</td>\n",
       "      <td>two</td>\n",
       "      <td>convertible</td>\n",
       "      <td>rwd</td>\n",
       "      <td>front</td>\n",
       "      <td>88.6</td>\n",
       "      <td>0.811148</td>\n",
       "      <td>...</td>\n",
       "      <td>9.0</td>\n",
       "      <td>111</td>\n",
       "      <td>5000.0</td>\n",
       "      <td>21</td>\n",
       "      <td>27</td>\n",
       "      <td>16500.0</td>\n",
       "      <td>11.190476</td>\n",
       "      <td>Low</td>\n",
       "      <td>1</td>\n",
       "      <td>0</td>\n",
       "    </tr>\n",
       "    <tr>\n",
       "      <td>2</td>\n",
       "      <td>1</td>\n",
       "      <td>122</td>\n",
       "      <td>alfa-romero</td>\n",
       "      <td>gas</td>\n",
       "      <td>two</td>\n",
       "      <td>hatchback</td>\n",
       "      <td>rwd</td>\n",
       "      <td>front</td>\n",
       "      <td>94.5</td>\n",
       "      <td>0.822681</td>\n",
       "      <td>...</td>\n",
       "      <td>9.0</td>\n",
       "      <td>154</td>\n",
       "      <td>5000.0</td>\n",
       "      <td>19</td>\n",
       "      <td>26</td>\n",
       "      <td>16500.0</td>\n",
       "      <td>12.368421</td>\n",
       "      <td>Medium</td>\n",
       "      <td>1</td>\n",
       "      <td>0</td>\n",
       "    </tr>\n",
       "    <tr>\n",
       "      <td>3</td>\n",
       "      <td>2</td>\n",
       "      <td>164</td>\n",
       "      <td>audi</td>\n",
       "      <td>gas</td>\n",
       "      <td>four</td>\n",
       "      <td>sedan</td>\n",
       "      <td>fwd</td>\n",
       "      <td>front</td>\n",
       "      <td>99.8</td>\n",
       "      <td>0.848630</td>\n",
       "      <td>...</td>\n",
       "      <td>10.0</td>\n",
       "      <td>102</td>\n",
       "      <td>5500.0</td>\n",
       "      <td>24</td>\n",
       "      <td>30</td>\n",
       "      <td>13950.0</td>\n",
       "      <td>9.791667</td>\n",
       "      <td>Low</td>\n",
       "      <td>1</td>\n",
       "      <td>0</td>\n",
       "    </tr>\n",
       "    <tr>\n",
       "      <td>4</td>\n",
       "      <td>2</td>\n",
       "      <td>164</td>\n",
       "      <td>audi</td>\n",
       "      <td>gas</td>\n",
       "      <td>four</td>\n",
       "      <td>sedan</td>\n",
       "      <td>4wd</td>\n",
       "      <td>front</td>\n",
       "      <td>99.4</td>\n",
       "      <td>0.848630</td>\n",
       "      <td>...</td>\n",
       "      <td>8.0</td>\n",
       "      <td>115</td>\n",
       "      <td>5500.0</td>\n",
       "      <td>18</td>\n",
       "      <td>22</td>\n",
       "      <td>17450.0</td>\n",
       "      <td>13.055556</td>\n",
       "      <td>Low</td>\n",
       "      <td>1</td>\n",
       "      <td>0</td>\n",
       "    </tr>\n",
       "  </tbody>\n",
       "</table>\n",
       "<p>5 rows × 29 columns</p>\n",
       "</div>"
      ],
      "text/plain": [
       "   symboling  normalized-losses         make fuel-type num-of-doors  \\\n",
       "0          3                122  alfa-romero       gas          two   \n",
       "1          3                122  alfa-romero       gas          two   \n",
       "2          1                122  alfa-romero       gas          two   \n",
       "3          2                164         audi       gas         four   \n",
       "4          2                164         audi       gas         four   \n",
       "\n",
       "    body-style drive-wheels engine-location  wheel-base    length  ...  \\\n",
       "0  convertible          rwd           front        88.6  0.811148  ...   \n",
       "1  convertible          rwd           front        88.6  0.811148  ...   \n",
       "2    hatchback          rwd           front        94.5  0.822681  ...   \n",
       "3        sedan          fwd           front        99.8  0.848630  ...   \n",
       "4        sedan          4wd           front        99.4  0.848630  ...   \n",
       "\n",
       "   compression-ratio  horsepower  peak-rpm city-mpg highway-mpg    price  \\\n",
       "0                9.0         111    5000.0       21          27  13495.0   \n",
       "1                9.0         111    5000.0       21          27  16500.0   \n",
       "2                9.0         154    5000.0       19          26  16500.0   \n",
       "3               10.0         102    5500.0       24          30  13950.0   \n",
       "4                8.0         115    5500.0       18          22  17450.0   \n",
       "\n",
       "  city-L/100km  horsepower-binned  aspiration-std  aspiration-turbo  \n",
       "0    11.190476                Low               1                 0  \n",
       "1    11.190476                Low               1                 0  \n",
       "2    12.368421             Medium               1                 0  \n",
       "3     9.791667                Low               1                 0  \n",
       "4    13.055556                Low               1                 0  \n",
       "\n",
       "[5 rows x 29 columns]"
      ]
     },
     "execution_count": 1,
     "metadata": {},
     "output_type": "execute_result"
    }
   ],
   "source": [
    "import pandas as pd\n",
    "import numpy as np\n",
    "\n",
    "filename = \"Automobile_clean_df.csv\"\n",
    "\n",
    "df = pd.read_csv(filename, index_col = 0)\n",
    "df.head()"
   ]
  },
  {
   "cell_type": "code",
   "execution_count": 2,
   "metadata": {},
   "outputs": [],
   "source": [
    "# import useful libary seaborn\n",
    "import matplotlib.pyplot as plt\n",
    "import seaborn as sns\n",
    "%matplotlib inline "
   ]
  },
  {
   "cell_type": "code",
   "execution_count": 3,
   "metadata": {},
   "outputs": [
    {
     "name": "stdout",
     "output_type": "stream",
     "text": [
      "symboling              int64\n",
      "normalized-losses      int64\n",
      "make                  object\n",
      "fuel-type             object\n",
      "num-of-doors          object\n",
      "body-style            object\n",
      "drive-wheels          object\n",
      "engine-location       object\n",
      "wheel-base           float64\n",
      "length               float64\n",
      "width                float64\n",
      "height               float64\n",
      "curb-weight            int64\n",
      "engine-type           object\n",
      "num-of-cylinders      object\n",
      "engine-size            int64\n",
      "fuel-system           object\n",
      "bore                 float64\n",
      "stroke               float64\n",
      "compression-ratio    float64\n",
      "horsepower             int64\n",
      "peak-rpm             float64\n",
      "city-mpg               int64\n",
      "highway-mpg            int64\n",
      "price                float64\n",
      "city-L/100km         float64\n",
      "horsepower-binned     object\n",
      "aspiration-std         int64\n",
      "aspiration-turbo       int64\n",
      "dtype: object\n"
     ]
    }
   ],
   "source": [
    "# Check data type\n",
    "print(df.dtypes)"
   ]
  },
  {
   "cell_type": "code",
   "execution_count": 4,
   "metadata": {},
   "outputs": [
    {
     "data": {
      "text/html": [
       "<div>\n",
       "<style scoped>\n",
       "    .dataframe tbody tr th:only-of-type {\n",
       "        vertical-align: middle;\n",
       "    }\n",
       "\n",
       "    .dataframe tbody tr th {\n",
       "        vertical-align: top;\n",
       "    }\n",
       "\n",
       "    .dataframe thead th {\n",
       "        text-align: right;\n",
       "    }\n",
       "</style>\n",
       "<table border=\"1\" class=\"dataframe\">\n",
       "  <thead>\n",
       "    <tr style=\"text-align: right;\">\n",
       "      <th></th>\n",
       "      <th>symboling</th>\n",
       "      <th>normalized-losses</th>\n",
       "      <th>wheel-base</th>\n",
       "      <th>length</th>\n",
       "      <th>width</th>\n",
       "      <th>height</th>\n",
       "      <th>curb-weight</th>\n",
       "      <th>engine-size</th>\n",
       "      <th>bore</th>\n",
       "      <th>stroke</th>\n",
       "      <th>compression-ratio</th>\n",
       "      <th>horsepower</th>\n",
       "      <th>peak-rpm</th>\n",
       "      <th>city-mpg</th>\n",
       "      <th>highway-mpg</th>\n",
       "      <th>price</th>\n",
       "      <th>city-L/100km</th>\n",
       "      <th>aspiration-std</th>\n",
       "      <th>aspiration-turbo</th>\n",
       "    </tr>\n",
       "  </thead>\n",
       "  <tbody>\n",
       "    <tr>\n",
       "      <td>symboling</td>\n",
       "      <td>1.000000</td>\n",
       "      <td>0.466264</td>\n",
       "      <td>-0.535987</td>\n",
       "      <td>-0.365404</td>\n",
       "      <td>-0.242423</td>\n",
       "      <td>-0.550160</td>\n",
       "      <td>-0.233118</td>\n",
       "      <td>-0.110581</td>\n",
       "      <td>-0.140019</td>\n",
       "      <td>-0.008245</td>\n",
       "      <td>-0.182196</td>\n",
       "      <td>0.075810</td>\n",
       "      <td>0.279740</td>\n",
       "      <td>-0.035527</td>\n",
       "      <td>0.036233</td>\n",
       "      <td>-0.082391</td>\n",
       "      <td>0.066171</td>\n",
       "      <td>0.054615</td>\n",
       "      <td>-0.054615</td>\n",
       "    </tr>\n",
       "    <tr>\n",
       "      <td>normalized-losses</td>\n",
       "      <td>0.466264</td>\n",
       "      <td>1.000000</td>\n",
       "      <td>-0.056661</td>\n",
       "      <td>0.019424</td>\n",
       "      <td>0.086802</td>\n",
       "      <td>-0.373737</td>\n",
       "      <td>0.099404</td>\n",
       "      <td>0.112360</td>\n",
       "      <td>-0.029862</td>\n",
       "      <td>0.055563</td>\n",
       "      <td>-0.114713</td>\n",
       "      <td>0.217300</td>\n",
       "      <td>0.239543</td>\n",
       "      <td>-0.225016</td>\n",
       "      <td>-0.181877</td>\n",
       "      <td>0.133999</td>\n",
       "      <td>0.238567</td>\n",
       "      <td>0.006911</td>\n",
       "      <td>-0.006911</td>\n",
       "    </tr>\n",
       "    <tr>\n",
       "      <td>wheel-base</td>\n",
       "      <td>-0.535987</td>\n",
       "      <td>-0.056661</td>\n",
       "      <td>1.000000</td>\n",
       "      <td>0.876024</td>\n",
       "      <td>0.814507</td>\n",
       "      <td>0.590742</td>\n",
       "      <td>0.782097</td>\n",
       "      <td>0.572027</td>\n",
       "      <td>0.493244</td>\n",
       "      <td>0.158502</td>\n",
       "      <td>0.250313</td>\n",
       "      <td>0.371178</td>\n",
       "      <td>-0.360305</td>\n",
       "      <td>-0.470606</td>\n",
       "      <td>-0.543304</td>\n",
       "      <td>0.584642</td>\n",
       "      <td>0.476153</td>\n",
       "      <td>-0.256889</td>\n",
       "      <td>0.256889</td>\n",
       "    </tr>\n",
       "    <tr>\n",
       "      <td>length</td>\n",
       "      <td>-0.365404</td>\n",
       "      <td>0.019424</td>\n",
       "      <td>0.876024</td>\n",
       "      <td>1.000000</td>\n",
       "      <td>0.857170</td>\n",
       "      <td>0.492063</td>\n",
       "      <td>0.880665</td>\n",
       "      <td>0.685025</td>\n",
       "      <td>0.608971</td>\n",
       "      <td>0.124139</td>\n",
       "      <td>0.159733</td>\n",
       "      <td>0.579795</td>\n",
       "      <td>-0.285970</td>\n",
       "      <td>-0.665192</td>\n",
       "      <td>-0.698142</td>\n",
       "      <td>0.690628</td>\n",
       "      <td>0.657373</td>\n",
       "      <td>-0.230085</td>\n",
       "      <td>0.230085</td>\n",
       "    </tr>\n",
       "    <tr>\n",
       "      <td>width</td>\n",
       "      <td>-0.242423</td>\n",
       "      <td>0.086802</td>\n",
       "      <td>0.814507</td>\n",
       "      <td>0.857170</td>\n",
       "      <td>1.000000</td>\n",
       "      <td>0.306002</td>\n",
       "      <td>0.866201</td>\n",
       "      <td>0.729436</td>\n",
       "      <td>0.544885</td>\n",
       "      <td>0.188829</td>\n",
       "      <td>0.189867</td>\n",
       "      <td>0.615056</td>\n",
       "      <td>-0.245800</td>\n",
       "      <td>-0.633531</td>\n",
       "      <td>-0.680635</td>\n",
       "      <td>0.751265</td>\n",
       "      <td>0.673363</td>\n",
       "      <td>-0.305732</td>\n",
       "      <td>0.305732</td>\n",
       "    </tr>\n",
       "    <tr>\n",
       "      <td>height</td>\n",
       "      <td>-0.550160</td>\n",
       "      <td>-0.373737</td>\n",
       "      <td>0.590742</td>\n",
       "      <td>0.492063</td>\n",
       "      <td>0.306002</td>\n",
       "      <td>1.000000</td>\n",
       "      <td>0.307581</td>\n",
       "      <td>0.074694</td>\n",
       "      <td>0.180449</td>\n",
       "      <td>-0.062704</td>\n",
       "      <td>0.259737</td>\n",
       "      <td>-0.087001</td>\n",
       "      <td>-0.309974</td>\n",
       "      <td>-0.049800</td>\n",
       "      <td>-0.104812</td>\n",
       "      <td>0.135486</td>\n",
       "      <td>0.003811</td>\n",
       "      <td>-0.090336</td>\n",
       "      <td>0.090336</td>\n",
       "    </tr>\n",
       "    <tr>\n",
       "      <td>curb-weight</td>\n",
       "      <td>-0.233118</td>\n",
       "      <td>0.099404</td>\n",
       "      <td>0.782097</td>\n",
       "      <td>0.880665</td>\n",
       "      <td>0.866201</td>\n",
       "      <td>0.307581</td>\n",
       "      <td>1.000000</td>\n",
       "      <td>0.849072</td>\n",
       "      <td>0.644060</td>\n",
       "      <td>0.167562</td>\n",
       "      <td>0.156433</td>\n",
       "      <td>0.757981</td>\n",
       "      <td>-0.279361</td>\n",
       "      <td>-0.749543</td>\n",
       "      <td>-0.794889</td>\n",
       "      <td>0.834415</td>\n",
       "      <td>0.785353</td>\n",
       "      <td>-0.321955</td>\n",
       "      <td>0.321955</td>\n",
       "    </tr>\n",
       "    <tr>\n",
       "      <td>engine-size</td>\n",
       "      <td>-0.110581</td>\n",
       "      <td>0.112360</td>\n",
       "      <td>0.572027</td>\n",
       "      <td>0.685025</td>\n",
       "      <td>0.729436</td>\n",
       "      <td>0.074694</td>\n",
       "      <td>0.849072</td>\n",
       "      <td>1.000000</td>\n",
       "      <td>0.572609</td>\n",
       "      <td>0.209523</td>\n",
       "      <td>0.028889</td>\n",
       "      <td>0.822668</td>\n",
       "      <td>-0.256733</td>\n",
       "      <td>-0.650546</td>\n",
       "      <td>-0.679571</td>\n",
       "      <td>0.872335</td>\n",
       "      <td>0.745059</td>\n",
       "      <td>-0.110040</td>\n",
       "      <td>0.110040</td>\n",
       "    </tr>\n",
       "    <tr>\n",
       "      <td>bore</td>\n",
       "      <td>-0.140019</td>\n",
       "      <td>-0.029862</td>\n",
       "      <td>0.493244</td>\n",
       "      <td>0.608971</td>\n",
       "      <td>0.544885</td>\n",
       "      <td>0.180449</td>\n",
       "      <td>0.644060</td>\n",
       "      <td>0.572609</td>\n",
       "      <td>1.000000</td>\n",
       "      <td>-0.055390</td>\n",
       "      <td>0.001263</td>\n",
       "      <td>0.566903</td>\n",
       "      <td>-0.267392</td>\n",
       "      <td>-0.582027</td>\n",
       "      <td>-0.591309</td>\n",
       "      <td>0.543155</td>\n",
       "      <td>0.554610</td>\n",
       "      <td>-0.227816</td>\n",
       "      <td>0.227816</td>\n",
       "    </tr>\n",
       "    <tr>\n",
       "      <td>stroke</td>\n",
       "      <td>-0.008245</td>\n",
       "      <td>0.055563</td>\n",
       "      <td>0.158502</td>\n",
       "      <td>0.124139</td>\n",
       "      <td>0.188829</td>\n",
       "      <td>-0.062704</td>\n",
       "      <td>0.167562</td>\n",
       "      <td>0.209523</td>\n",
       "      <td>-0.055390</td>\n",
       "      <td>1.000000</td>\n",
       "      <td>0.187923</td>\n",
       "      <td>0.098322</td>\n",
       "      <td>-0.065713</td>\n",
       "      <td>-0.034696</td>\n",
       "      <td>-0.035201</td>\n",
       "      <td>0.082310</td>\n",
       "      <td>0.037300</td>\n",
       "      <td>-0.218674</td>\n",
       "      <td>0.218674</td>\n",
       "    </tr>\n",
       "    <tr>\n",
       "      <td>compression-ratio</td>\n",
       "      <td>-0.182196</td>\n",
       "      <td>-0.114713</td>\n",
       "      <td>0.250313</td>\n",
       "      <td>0.159733</td>\n",
       "      <td>0.189867</td>\n",
       "      <td>0.259737</td>\n",
       "      <td>0.156433</td>\n",
       "      <td>0.028889</td>\n",
       "      <td>0.001263</td>\n",
       "      <td>0.187923</td>\n",
       "      <td>1.000000</td>\n",
       "      <td>-0.214489</td>\n",
       "      <td>-0.435780</td>\n",
       "      <td>0.331425</td>\n",
       "      <td>0.268465</td>\n",
       "      <td>0.071107</td>\n",
       "      <td>-0.299372</td>\n",
       "      <td>-0.307522</td>\n",
       "      <td>0.307522</td>\n",
       "    </tr>\n",
       "    <tr>\n",
       "      <td>horsepower</td>\n",
       "      <td>0.075810</td>\n",
       "      <td>0.217300</td>\n",
       "      <td>0.371178</td>\n",
       "      <td>0.579795</td>\n",
       "      <td>0.615056</td>\n",
       "      <td>-0.087001</td>\n",
       "      <td>0.757981</td>\n",
       "      <td>0.822668</td>\n",
       "      <td>0.566903</td>\n",
       "      <td>0.098322</td>\n",
       "      <td>-0.214489</td>\n",
       "      <td>1.000000</td>\n",
       "      <td>0.107884</td>\n",
       "      <td>-0.822192</td>\n",
       "      <td>-0.804579</td>\n",
       "      <td>0.809607</td>\n",
       "      <td>0.889482</td>\n",
       "      <td>-0.251159</td>\n",
       "      <td>0.251159</td>\n",
       "    </tr>\n",
       "    <tr>\n",
       "      <td>peak-rpm</td>\n",
       "      <td>0.279740</td>\n",
       "      <td>0.239543</td>\n",
       "      <td>-0.360305</td>\n",
       "      <td>-0.285970</td>\n",
       "      <td>-0.245800</td>\n",
       "      <td>-0.309974</td>\n",
       "      <td>-0.279361</td>\n",
       "      <td>-0.256733</td>\n",
       "      <td>-0.267392</td>\n",
       "      <td>-0.065713</td>\n",
       "      <td>-0.435780</td>\n",
       "      <td>0.107884</td>\n",
       "      <td>1.000000</td>\n",
       "      <td>-0.115413</td>\n",
       "      <td>-0.058598</td>\n",
       "      <td>-0.101616</td>\n",
       "      <td>0.115830</td>\n",
       "      <td>0.190057</td>\n",
       "      <td>-0.190057</td>\n",
       "    </tr>\n",
       "    <tr>\n",
       "      <td>city-mpg</td>\n",
       "      <td>-0.035527</td>\n",
       "      <td>-0.225016</td>\n",
       "      <td>-0.470606</td>\n",
       "      <td>-0.665192</td>\n",
       "      <td>-0.633531</td>\n",
       "      <td>-0.049800</td>\n",
       "      <td>-0.749543</td>\n",
       "      <td>-0.650546</td>\n",
       "      <td>-0.582027</td>\n",
       "      <td>-0.034696</td>\n",
       "      <td>0.331425</td>\n",
       "      <td>-0.822192</td>\n",
       "      <td>-0.115413</td>\n",
       "      <td>1.000000</td>\n",
       "      <td>0.972044</td>\n",
       "      <td>-0.686571</td>\n",
       "      <td>-0.949713</td>\n",
       "      <td>0.189237</td>\n",
       "      <td>-0.189237</td>\n",
       "    </tr>\n",
       "    <tr>\n",
       "      <td>highway-mpg</td>\n",
       "      <td>0.036233</td>\n",
       "      <td>-0.181877</td>\n",
       "      <td>-0.543304</td>\n",
       "      <td>-0.698142</td>\n",
       "      <td>-0.680635</td>\n",
       "      <td>-0.104812</td>\n",
       "      <td>-0.794889</td>\n",
       "      <td>-0.679571</td>\n",
       "      <td>-0.591309</td>\n",
       "      <td>-0.035201</td>\n",
       "      <td>0.268465</td>\n",
       "      <td>-0.804579</td>\n",
       "      <td>-0.058598</td>\n",
       "      <td>0.972044</td>\n",
       "      <td>1.000000</td>\n",
       "      <td>-0.704692</td>\n",
       "      <td>-0.930028</td>\n",
       "      <td>0.241851</td>\n",
       "      <td>-0.241851</td>\n",
       "    </tr>\n",
       "    <tr>\n",
       "      <td>price</td>\n",
       "      <td>-0.082391</td>\n",
       "      <td>0.133999</td>\n",
       "      <td>0.584642</td>\n",
       "      <td>0.690628</td>\n",
       "      <td>0.751265</td>\n",
       "      <td>0.135486</td>\n",
       "      <td>0.834415</td>\n",
       "      <td>0.872335</td>\n",
       "      <td>0.543155</td>\n",
       "      <td>0.082310</td>\n",
       "      <td>0.071107</td>\n",
       "      <td>0.809607</td>\n",
       "      <td>-0.101616</td>\n",
       "      <td>-0.686571</td>\n",
       "      <td>-0.704692</td>\n",
       "      <td>1.000000</td>\n",
       "      <td>0.789898</td>\n",
       "      <td>-0.179578</td>\n",
       "      <td>0.179578</td>\n",
       "    </tr>\n",
       "    <tr>\n",
       "      <td>city-L/100km</td>\n",
       "      <td>0.066171</td>\n",
       "      <td>0.238567</td>\n",
       "      <td>0.476153</td>\n",
       "      <td>0.657373</td>\n",
       "      <td>0.673363</td>\n",
       "      <td>0.003811</td>\n",
       "      <td>0.785353</td>\n",
       "      <td>0.745059</td>\n",
       "      <td>0.554610</td>\n",
       "      <td>0.037300</td>\n",
       "      <td>-0.299372</td>\n",
       "      <td>0.889482</td>\n",
       "      <td>0.115830</td>\n",
       "      <td>-0.949713</td>\n",
       "      <td>-0.930028</td>\n",
       "      <td>0.789898</td>\n",
       "      <td>1.000000</td>\n",
       "      <td>-0.157578</td>\n",
       "      <td>0.157578</td>\n",
       "    </tr>\n",
       "    <tr>\n",
       "      <td>aspiration-std</td>\n",
       "      <td>0.054615</td>\n",
       "      <td>0.006911</td>\n",
       "      <td>-0.256889</td>\n",
       "      <td>-0.230085</td>\n",
       "      <td>-0.305732</td>\n",
       "      <td>-0.090336</td>\n",
       "      <td>-0.321955</td>\n",
       "      <td>-0.110040</td>\n",
       "      <td>-0.227816</td>\n",
       "      <td>-0.218674</td>\n",
       "      <td>-0.307522</td>\n",
       "      <td>-0.251159</td>\n",
       "      <td>0.190057</td>\n",
       "      <td>0.189237</td>\n",
       "      <td>0.241851</td>\n",
       "      <td>-0.179578</td>\n",
       "      <td>-0.157578</td>\n",
       "      <td>1.000000</td>\n",
       "      <td>-1.000000</td>\n",
       "    </tr>\n",
       "    <tr>\n",
       "      <td>aspiration-turbo</td>\n",
       "      <td>-0.054615</td>\n",
       "      <td>-0.006911</td>\n",
       "      <td>0.256889</td>\n",
       "      <td>0.230085</td>\n",
       "      <td>0.305732</td>\n",
       "      <td>0.090336</td>\n",
       "      <td>0.321955</td>\n",
       "      <td>0.110040</td>\n",
       "      <td>0.227816</td>\n",
       "      <td>0.218674</td>\n",
       "      <td>0.307522</td>\n",
       "      <td>0.251159</td>\n",
       "      <td>-0.190057</td>\n",
       "      <td>-0.189237</td>\n",
       "      <td>-0.241851</td>\n",
       "      <td>0.179578</td>\n",
       "      <td>0.157578</td>\n",
       "      <td>-1.000000</td>\n",
       "      <td>1.000000</td>\n",
       "    </tr>\n",
       "  </tbody>\n",
       "</table>\n",
       "</div>"
      ],
      "text/plain": [
       "                   symboling  normalized-losses  wheel-base    length  \\\n",
       "symboling           1.000000           0.466264   -0.535987 -0.365404   \n",
       "normalized-losses   0.466264           1.000000   -0.056661  0.019424   \n",
       "wheel-base         -0.535987          -0.056661    1.000000  0.876024   \n",
       "length             -0.365404           0.019424    0.876024  1.000000   \n",
       "width              -0.242423           0.086802    0.814507  0.857170   \n",
       "height             -0.550160          -0.373737    0.590742  0.492063   \n",
       "curb-weight        -0.233118           0.099404    0.782097  0.880665   \n",
       "engine-size        -0.110581           0.112360    0.572027  0.685025   \n",
       "bore               -0.140019          -0.029862    0.493244  0.608971   \n",
       "stroke             -0.008245           0.055563    0.158502  0.124139   \n",
       "compression-ratio  -0.182196          -0.114713    0.250313  0.159733   \n",
       "horsepower          0.075810           0.217300    0.371178  0.579795   \n",
       "peak-rpm            0.279740           0.239543   -0.360305 -0.285970   \n",
       "city-mpg           -0.035527          -0.225016   -0.470606 -0.665192   \n",
       "highway-mpg         0.036233          -0.181877   -0.543304 -0.698142   \n",
       "price              -0.082391           0.133999    0.584642  0.690628   \n",
       "city-L/100km        0.066171           0.238567    0.476153  0.657373   \n",
       "aspiration-std      0.054615           0.006911   -0.256889 -0.230085   \n",
       "aspiration-turbo   -0.054615          -0.006911    0.256889  0.230085   \n",
       "\n",
       "                      width    height  curb-weight  engine-size      bore  \\\n",
       "symboling         -0.242423 -0.550160    -0.233118    -0.110581 -0.140019   \n",
       "normalized-losses  0.086802 -0.373737     0.099404     0.112360 -0.029862   \n",
       "wheel-base         0.814507  0.590742     0.782097     0.572027  0.493244   \n",
       "length             0.857170  0.492063     0.880665     0.685025  0.608971   \n",
       "width              1.000000  0.306002     0.866201     0.729436  0.544885   \n",
       "height             0.306002  1.000000     0.307581     0.074694  0.180449   \n",
       "curb-weight        0.866201  0.307581     1.000000     0.849072  0.644060   \n",
       "engine-size        0.729436  0.074694     0.849072     1.000000  0.572609   \n",
       "bore               0.544885  0.180449     0.644060     0.572609  1.000000   \n",
       "stroke             0.188829 -0.062704     0.167562     0.209523 -0.055390   \n",
       "compression-ratio  0.189867  0.259737     0.156433     0.028889  0.001263   \n",
       "horsepower         0.615056 -0.087001     0.757981     0.822668  0.566903   \n",
       "peak-rpm          -0.245800 -0.309974    -0.279361    -0.256733 -0.267392   \n",
       "city-mpg          -0.633531 -0.049800    -0.749543    -0.650546 -0.582027   \n",
       "highway-mpg       -0.680635 -0.104812    -0.794889    -0.679571 -0.591309   \n",
       "price              0.751265  0.135486     0.834415     0.872335  0.543155   \n",
       "city-L/100km       0.673363  0.003811     0.785353     0.745059  0.554610   \n",
       "aspiration-std    -0.305732 -0.090336    -0.321955    -0.110040 -0.227816   \n",
       "aspiration-turbo   0.305732  0.090336     0.321955     0.110040  0.227816   \n",
       "\n",
       "                     stroke  compression-ratio  horsepower  peak-rpm  \\\n",
       "symboling         -0.008245          -0.182196    0.075810  0.279740   \n",
       "normalized-losses  0.055563          -0.114713    0.217300  0.239543   \n",
       "wheel-base         0.158502           0.250313    0.371178 -0.360305   \n",
       "length             0.124139           0.159733    0.579795 -0.285970   \n",
       "width              0.188829           0.189867    0.615056 -0.245800   \n",
       "height            -0.062704           0.259737   -0.087001 -0.309974   \n",
       "curb-weight        0.167562           0.156433    0.757981 -0.279361   \n",
       "engine-size        0.209523           0.028889    0.822668 -0.256733   \n",
       "bore              -0.055390           0.001263    0.566903 -0.267392   \n",
       "stroke             1.000000           0.187923    0.098322 -0.065713   \n",
       "compression-ratio  0.187923           1.000000   -0.214489 -0.435780   \n",
       "horsepower         0.098322          -0.214489    1.000000  0.107884   \n",
       "peak-rpm          -0.065713          -0.435780    0.107884  1.000000   \n",
       "city-mpg          -0.034696           0.331425   -0.822192 -0.115413   \n",
       "highway-mpg       -0.035201           0.268465   -0.804579 -0.058598   \n",
       "price              0.082310           0.071107    0.809607 -0.101616   \n",
       "city-L/100km       0.037300          -0.299372    0.889482  0.115830   \n",
       "aspiration-std    -0.218674          -0.307522   -0.251159  0.190057   \n",
       "aspiration-turbo   0.218674           0.307522    0.251159 -0.190057   \n",
       "\n",
       "                   city-mpg  highway-mpg     price  city-L/100km  \\\n",
       "symboling         -0.035527     0.036233 -0.082391      0.066171   \n",
       "normalized-losses -0.225016    -0.181877  0.133999      0.238567   \n",
       "wheel-base        -0.470606    -0.543304  0.584642      0.476153   \n",
       "length            -0.665192    -0.698142  0.690628      0.657373   \n",
       "width             -0.633531    -0.680635  0.751265      0.673363   \n",
       "height            -0.049800    -0.104812  0.135486      0.003811   \n",
       "curb-weight       -0.749543    -0.794889  0.834415      0.785353   \n",
       "engine-size       -0.650546    -0.679571  0.872335      0.745059   \n",
       "bore              -0.582027    -0.591309  0.543155      0.554610   \n",
       "stroke            -0.034696    -0.035201  0.082310      0.037300   \n",
       "compression-ratio  0.331425     0.268465  0.071107     -0.299372   \n",
       "horsepower        -0.822192    -0.804579  0.809607      0.889482   \n",
       "peak-rpm          -0.115413    -0.058598 -0.101616      0.115830   \n",
       "city-mpg           1.000000     0.972044 -0.686571     -0.949713   \n",
       "highway-mpg        0.972044     1.000000 -0.704692     -0.930028   \n",
       "price             -0.686571    -0.704692  1.000000      0.789898   \n",
       "city-L/100km      -0.949713    -0.930028  0.789898      1.000000   \n",
       "aspiration-std     0.189237     0.241851 -0.179578     -0.157578   \n",
       "aspiration-turbo  -0.189237    -0.241851  0.179578      0.157578   \n",
       "\n",
       "                   aspiration-std  aspiration-turbo  \n",
       "symboling                0.054615         -0.054615  \n",
       "normalized-losses        0.006911         -0.006911  \n",
       "wheel-base              -0.256889          0.256889  \n",
       "length                  -0.230085          0.230085  \n",
       "width                   -0.305732          0.305732  \n",
       "height                  -0.090336          0.090336  \n",
       "curb-weight             -0.321955          0.321955  \n",
       "engine-size             -0.110040          0.110040  \n",
       "bore                    -0.227816          0.227816  \n",
       "stroke                  -0.218674          0.218674  \n",
       "compression-ratio       -0.307522          0.307522  \n",
       "horsepower              -0.251159          0.251159  \n",
       "peak-rpm                 0.190057         -0.190057  \n",
       "city-mpg                 0.189237         -0.189237  \n",
       "highway-mpg              0.241851         -0.241851  \n",
       "price                   -0.179578          0.179578  \n",
       "city-L/100km            -0.157578          0.157578  \n",
       "aspiration-std           1.000000         -1.000000  \n",
       "aspiration-turbo        -1.000000          1.000000  "
      ]
     },
     "execution_count": 4,
     "metadata": {},
     "output_type": "execute_result"
    }
   ],
   "source": [
    "df.corr()"
   ]
  },
  {
   "cell_type": "code",
   "execution_count": 6,
   "metadata": {},
   "outputs": [
    {
     "data": {
      "text/html": [
       "<div>\n",
       "<style scoped>\n",
       "    .dataframe tbody tr th:only-of-type {\n",
       "        vertical-align: middle;\n",
       "    }\n",
       "\n",
       "    .dataframe tbody tr th {\n",
       "        vertical-align: top;\n",
       "    }\n",
       "\n",
       "    .dataframe thead th {\n",
       "        text-align: right;\n",
       "    }\n",
       "</style>\n",
       "<table border=\"1\" class=\"dataframe\">\n",
       "  <thead>\n",
       "    <tr style=\"text-align: right;\">\n",
       "      <th></th>\n",
       "      <th>bore</th>\n",
       "      <th>stroke</th>\n",
       "      <th>compression-ratio</th>\n",
       "      <th>horsepower</th>\n",
       "    </tr>\n",
       "  </thead>\n",
       "  <tbody>\n",
       "    <tr>\n",
       "      <td>bore</td>\n",
       "      <td>1.000000</td>\n",
       "      <td>-0.055390</td>\n",
       "      <td>0.001263</td>\n",
       "      <td>0.566903</td>\n",
       "    </tr>\n",
       "    <tr>\n",
       "      <td>stroke</td>\n",
       "      <td>-0.055390</td>\n",
       "      <td>1.000000</td>\n",
       "      <td>0.187923</td>\n",
       "      <td>0.098322</td>\n",
       "    </tr>\n",
       "    <tr>\n",
       "      <td>compression-ratio</td>\n",
       "      <td>0.001263</td>\n",
       "      <td>0.187923</td>\n",
       "      <td>1.000000</td>\n",
       "      <td>-0.214489</td>\n",
       "    </tr>\n",
       "    <tr>\n",
       "      <td>horsepower</td>\n",
       "      <td>0.566903</td>\n",
       "      <td>0.098322</td>\n",
       "      <td>-0.214489</td>\n",
       "      <td>1.000000</td>\n",
       "    </tr>\n",
       "  </tbody>\n",
       "</table>\n",
       "</div>"
      ],
      "text/plain": [
       "                       bore    stroke  compression-ratio  horsepower\n",
       "bore               1.000000 -0.055390           0.001263    0.566903\n",
       "stroke            -0.055390  1.000000           0.187923    0.098322\n",
       "compression-ratio  0.001263  0.187923           1.000000   -0.214489\n",
       "horsepower         0.566903  0.098322          -0.214489    1.000000"
      ]
     },
     "execution_count": 6,
     "metadata": {},
     "output_type": "execute_result"
    }
   ],
   "source": [
    "# Correlation between bore, stroke,compression-ratio , and horsepower.\n",
    "\n",
    "df[['bore','stroke' ,'compression-ratio','horsepower']].corr()"
   ]
  },
  {
   "cell_type": "markdown",
   "metadata": {},
   "source": [
    "Continuous numerical variables"
   ]
  },
  {
   "cell_type": "code",
   "execution_count": 7,
   "metadata": {},
   "outputs": [
    {
     "data": {
      "text/plain": [
       "(0, 56092.2783377743)"
      ]
     },
     "execution_count": 7,
     "metadata": {},
     "output_type": "execute_result"
    },
    {
     "data": {
